sampler.['accept']=

array([[[1.96742108, 1.53442143],
        [1.5       , 1.5       ]],

       [[1.84972699, 1.83085935],
        [1.96742108, 1.53442143]],

       [[2.0725045 , 1.85098425],
        [1.84972699, 1.83085935]],

       [[2.05364331, 1.82843733],
        [2.0725045 , 1.85098425]],

       [[2.01527672, 2.07470966],
        [2.05364331, 1.82843733]],

       [[1.7399085 , 2.17673571],
        [2.01527672, 2.07470966]],

       [[1.81883757, 1.67502577],
        [1.7399085 , 2.17673571]],

       [[2.0238755 , 2.21825189],
        [1.81883757, 1.67502577]],

       [[1.77412635, 2.22837416],
        [2.0238755 , 2.21825189]],

       [[1.8649167 , 2.21878141],
        [1.77412635, 2.22837416]],

       [[1.90655492, 2.22592222],
        [1.8649167 , 2.21878141]],

       [[1.9492757 , 1.96292167],
        [1.90655492, 2.22592222]],

       [[2.40737247, 1.78097342],
        [1.9492757 , 1.96292167]],

       [[2.34935657, 1.97446882],
        [2.40737247, 1.78097342]],

       [[2.48025353, 1.81262195],
        [2.34935657, 1.97446882]],

       [[2.39447442, 2.103458  ],
        [2.48025353, 1.81262195]],

       [[1.97769147, 2.35738362],
        [2.39447442, 2.103458  ]],

       [[1.92163978, 2.27740457],
        [1.97769147, 2.35738362]],

       [[1.853086  , 2.30536692],
        [1.92163978, 2.27740457]],

       [[1.93768186, 2.62913544],
        [1.853086  , 2.30536692]],

       [[1.84175397, 2.37280967],
        [1.93768186, 2.62913544]],

       [[2.01292659, 2.13260904],
        [1.84175397, 2.37280967]],

       [[2.16897545, 2.18194582],
        [2.01292659, 2.13260904]],

       [[1.87765861, 2.03074062],
        [2.16897545, 2.18194582]],

       [[1.7230918 , 1.95502494],
        [1.87765861, 2.03074062]],

       [[1.62439795, 1.71474345],
        [1.7230918 , 1.95502494]],

       [[1.9520874 , 1.6975733 ],
        [1.62439795, 1.71474345]],

       [[1.95324078, 1.89566163],
        [1.9520874 , 1.6975733 ]],

       [[1.46657362, 1.88918156],
        [1.95324078, 1.89566163]],

       [[1.12016923, 1.87293923],
        [1.46657362, 1.88918156]],

       [[1.00919823, 1.46649414],
        [1.12016923, 1.87293923]],

       [[1.05776565, 1.49086405],
        [1.00919823, 1.46649414]],

       [[0.88845559, 1.31612496],
        [1.05776565, 1.49086405]],

       [[0.97625835, 1.40641787],
        [0.88845559, 1.31612496]],

       [[0.97417795, 1.46285086],
        [0.97625835, 1.40641787]],

       [[0.99431449, 1.35980941],
        [0.97417795, 1.46285086]],

       [[1.21405133, 1.36350332],
        [0.99431449, 1.35980941]],

       [[1.39293376, 1.36775199],
        [1.21405133, 1.36350332]],

       [[1.11683844, 0.9724257 ],
        [1.39293376, 1.36775199]],

       [[1.05568495, 0.90299358],
        [1.11683844, 0.9724257 ]],

       [[1.25162105, 1.03236289],
        [1.05568495, 0.90299358]],

       [[1.23860727, 1.20743621],
        [1.25162105, 1.03236289]],

       [[1.30704067, 1.02004346],
        [1.23860727, 1.20743621]],

       [[1.38239245, 1.29818144],
        [1.30704067, 1.02004346]],

       [[1.3984713 , 1.31291544],
        [1.38239245, 1.29818144]],

       [[1.63735487, 1.27765324],
        [1.3984713 , 1.31291544]],

       [[1.84252001, 1.15702363],
        [1.63735487, 1.27765324]],

       [[2.05130986, 1.15818473],
        [1.84252001, 1.15702363]],

       [[1.9131268 , 1.28675658],
        [2.05130986, 1.15818473]],

       [[1.79750729, 1.238072  ],
        [1.9131268 , 1.28675658]],

       [[1.81606965, 1.35411483],
        [1.79750729, 1.238072  ]],

       [[1.92594553, 1.39360405],
        [1.81606965, 1.35411483]],

       [[1.94965539, 1.31756578],
        [1.92594553, 1.39360405]],

       [[2.03605657, 1.30326195],
        [1.94965539, 1.31756578]],

       [[1.765669  , 1.22161698],
        [2.03605657, 1.30326195]],

       [[1.50226316, 1.25068664],
        [1.765669  , 1.22161698]],

       [[1.32387622, 1.16563003],
        [1.50226316, 1.25068664]],

       [[1.2676982 , 0.97158064],
        [1.32387622, 1.16563003]],

       [[1.43635812, 1.13980705],
        [1.2676982 , 0.97158064]],

       [[1.36084474, 1.51970335],
        [1.43635812, 1.13980705]],

       [[1.57737084, 1.4574397 ],
        [1.36084474, 1.51970335]],

       [[1.08586974, 1.56544199],
        [1.57737084, 1.4574397 ]],

       [[1.21776012, 1.59548619],
        [1.08586974, 1.56544199]],

       [[1.31880068, 1.66627473],
        [1.21776012, 1.59548619]],

       [[1.16659425, 1.75136793],
        [1.31880068, 1.66627473]],

       [[1.54746625, 1.5995686 ],
        [1.16659425, 1.75136793]],

       [[1.82681993, 1.69339162],
        [1.54746625, 1.5995686 ]],

       [[1.9362753 , 1.83023837],
        [1.82681993, 1.69339162]],

       [[2.18755102, 1.69934492],
        [1.9362753 , 1.83023837]],

       [[2.1137887 , 1.60290391],
        [2.18755102, 1.69934492]],

       [[2.38154704, 1.5414263 ],
        [2.1137887 , 1.60290391]],

       [[2.42428406, 1.51630241],
        [2.38154704, 1.5414263 ]],

       [[2.29143543, 1.63279371],
        [2.42428406, 1.51630241]],

       [[2.22101847, 1.29013614],
        [2.29143543, 1.63279371]],

       [[2.00438998, 1.57622938],
        [2.22101847, 1.29013614]],

       [[2.03934329, 1.30454583],
        [2.00438998, 1.57622938]],

       [[1.84407862, 1.54390966],
        [2.03934329, 1.30454583]],

       [[1.71007464, 1.55745063],
        [1.84407862, 1.54390966]],

       [[1.91959054, 1.53290111],
        [1.71007464, 1.55745063]],

       [[1.5167336 , 1.80540708],
        [1.91959054, 1.53290111]],

       [[1.52766549, 1.91973703],
        [1.5167336 , 1.80540708]],

       [[1.50303851, 1.78836018],
        [1.52766549, 1.91973703]],

       [[1.66258437, 1.59849634],
        [1.50303851, 1.78836018]],

       [[1.51393263, 1.71659233],
        [1.66258437, 1.59849634]],

       [[1.48094161, 1.56405851],
        [1.51393263, 1.71659233]],

       [[1.07723188, 1.57924676],
        [1.48094161, 1.56405851]],

       [[1.09931783, 1.64172655],
        [1.07723188, 1.57924676]],

       [[1.0115204 , 1.57506173],
        [1.09931783, 1.64172655]],

       [[0.74530715, 1.60881691],
        [1.0115204 , 1.57506173]],

       [[0.71890093, 1.39459385],
        [0.74530715, 1.60881691]],

       [[0.65506639, 1.58618156],
        [0.71890093, 1.39459385]],

       [[0.52302271, 1.29090888],
        [0.65506639, 1.58618156]],

       [[0.52111385, 0.87216586],
        [0.52302271, 1.29090888]],

       [[0.63429427, 1.01693025],
        [0.52111385, 0.87216586]],

       [[0.83041321, 1.05618485],
        [0.63429427, 1.01693025]],

       [[0.97295396, 0.95880412],
        [0.83041321, 1.05618485]],

       [[0.88491932, 1.02443548],
        [0.97295396, 0.95880412]],

       [[0.85208963, 1.05603652],
        [0.88491932, 1.02443548]],

       [[1.47857845, 0.96862353],
        [0.85208963, 1.05603652]],

       [[1.09404629, 0.83351194],
        [1.47857845, 0.96862353]],

       [[0.85553349, 0.95013435],
        [1.09404629, 0.83351194]],

       [[0.92203837, 1.26017399],
        [0.85553349, 0.95013435]],

       [[0.78552767, 1.00895727],
        [0.92203837, 1.26017399]],

       [[0.61403716, 0.58606558],
        [0.78552767, 1.00895727]],

       [[0.64265251, 0.54781782],
        [0.61403716, 0.58606558]],

       [[0.73332016, 0.57395043],
        [0.64265251, 0.54781782]],

       [[0.60317558, 0.56911744],
        [0.73332016, 0.57395043]]])


sampler.path['reject']=

array([[[2.73423694, 1.4455322 ],
        [1.96742108, 1.53442143]],

       [[2.46907414, 1.37734963],
        [2.48025353, 1.81262195]],

       [[1.66128224, 2.31085944],
        [1.92163978, 2.27740457]],

       [[1.93473247, 2.84159295],
        [1.93768186, 2.62913544]],

       [[1.67789602, 2.6036117 ],
        [1.84175397, 2.37280967]],

       [[1.24467792, 2.15105803],
        [1.46657362, 1.88918156]],

       [[1.95013085, 0.86723263],
        [1.9131268 , 1.28675658]],

       [[2.16299209, 1.28667645],
        [1.9131268 , 1.28675658]],

       [[2.2727351 , 0.98189359],
        [1.9131268 , 1.28675658]],

       [[1.99491847, 1.46125464],
        [2.00438998, 1.57622938]],

       [[0.29485828, 1.59806567],
        [0.71890093, 1.39459385]],

       [[1.16486554, 0.65185926],
        [1.09404629, 0.83351194]],

       [[0.7419275 , 1.4046953 ],
        [0.92203837, 1.26017399]]])

